255 216 255 224 0 16 74 70 73 70 0 1 1 0 0 1 0 1 0 0 255 219 0 67 0 8 6 6 
7 6 5 8 7 7 7 8 20 25 18 19 15 20 29 26 31 30 29 26 28 28 36 46 39 34 44 35 
28 28 40 55 41 44 48 49 52 52 52 31 39 57 61 56 50 60 46 51 52 50 255 192 0 8 0 28 
0 28 1 1 17 0 255 196 0 31 0 0 1 5 1 1 1 1 1 1 0 0 0 0 0 0 0 0 
1 2 3 4 5 6 7 8 255 196 0 181 16 0 2 1 3 3 2 4 3 5 5 4 4 0 0 1 
125 1 2 3 0 4 17 5 18 33 49 65 6 19 81 97 7 34 113 20 50 129 145 161 8 35 66 177 
193 21 82 209 240 36 51 98 114 130 22 23 24 25 26 37 38 39 40 41 42 52 53 54 55 56 57 58 
67 68 69 70 71 72 73 74 83 84 85 86 87 88 89 90 99 100 101 102 103 104 105 106 115 116 117 118 
119 120 121 122 131 132 133 134 135 136 137 138 146 147 148 149 150 151 152 153 154 162 163 164 165 166 167 168 
169 170 178 179 180 181 182 183 184 185 186 194 195 196 197 198 199 200 201 202 210 211 212 213 214 215 216 217 
218 225 226 227 228 229 230 231 232 233 234 241 242 243 244 245 246 247 248 249 250 255 218 0 8 1 1 0 
0 63 0 249 254 187 95 14 252 51 213 117 189 43 251 102 250 238 203 69 209 178 2 222 234 50 249 107 
38 127 184 58 158 189 120 7 214 168 120 227 193 119 126 7 214 227 211 238 110 98 186 142 104 22 120 46 
34 24 89 16 241 211 183 215 51 87 180 109 61 245 109 110 195 78 140 101 238 174 35 132 127 192 152 15 
235 93 167 198 115 237 190 48 125 14 208 24 180 157 17 69 149 173 184 225 80 168 1 142 61 114 49 159 
64 43 123 226 130 69 175 124 53 240 111 139 100 149 69 236 144 253 142 84 64 112 187 185 3 160 193 86 
250 238 30 149 227 245 103 79 187 109 63 82 181 189 64 219 204 146 168 61 82 15 244 175 105 241 87 128 
45 62 37 235 226 175 235 186 82 195 119 18 203 121 111 115 49 71 129 130 141 197 128 7 29 178 14 57 
239 205 113 159 16 188 65 167 54 145 162 120 59 69 187 107 203 17 24 75 119 252 55 19 177 203 20 245 
80 73 193 247 61 122 158 2 138 40 162 191 255 217 217 217 217 217 217 217 217 217 217 217 217 217 217 217 
217 217 217 217 217 217 217 217 217 217 217 217 217 217 217 217 217 217 217 217 217 217 217 217 217 217 217 217 
217 217 217 217 217 217 217 217 217 217 217 217 217 217 217 217 217 217 217 217 217 217 217 217 217 217 217 217 
217 217 217 217 217 217 217 217 217 217 217 217 217 217 217 217 217 217 217 217 217 217 217 217 217 217 217 217 
217 217 217 217 217 217 217 217 217 217 217 217 217 217 217 217 217 217 217 217 217 217 217 217 217 217 217 217 
217 217 217 217 217 217 217 217 217 217 217 217 217 217 217 217 217 217 217 217 217 217 217 217 217 217 217 217 
217 217 217 217 217 217 217 217 217 217 217 217 217 217 217 217 217 217 217 217 217 217 217 217 217 217 217 217 
217 217 217 217 217 217 217 217 217 217 217 217 217 217 217 217 217 217 217 217 217 217 217 217 217 217 217 217 
217 217 217 217 217 217 217 217 217 217 217 217 217 217 217 217 217 217 217 217 217 217 217 217 217 217 217 217 
